FEATUREID,0,1,2,3,6,7,8,9,10,11,12,13,14,15,16,22,23,24,27,28,29,30,31,32,33,37,38,39,40,41,42,43,44,45,46,47,48,49,50,51,52,53,54,55,56,57,58,59,60,61,62,63,64,65,66,67,69,70,71,73,74,75,76,78,79,81,82,83,84,85,86,90,91,92,93,94,95,96,97,98,99,100,101,102,103,104,105,106,108,109,110,111,112,113,114,115,116,117,118,120,121,122,123,124,125,126,127,128,129,130,131,132,133,134,135,136,137,138,139,140,142,143,144,146,147,148,149,150,151,152,155,156,157,158,159,160,161,162,163,164,165,166,167,168,169,170,171,172,173,174,175,176,178,179,180,182,183,186,187,188,189,190,191,192,193,195,196,197,198,199,200,201,202,203,204,205,206,207,208,209,210,211,212,213,215,216,217,218,219,220,221,222,223,224,225,226,227,228,231,232,233,234,235,236,237,238,239,240,241,242,243,244,245,246
0,0,349,560,1041,4582,2802,2745,4652,2384,3552,2949,4620,4601,3633,4635,1810,2006,2368,1778,2873,3159,3478,3273,3140,2361,6954,7247,3893,5846,6415,5240,6066,6051,6555,6242,4910,4709,5538,4742,4530,4966,4612,11093,10579,10653,13772,9895,10099,10758,9942,10006,11991,8190,9750,8580,7011,7729,8503,7867,7639,6720,8066,7428,6637,7243,6603,8514,8414,8246,7912,8652,8808,9724,9587,10577,8844,9937,10015,9621,8305,8197,8185,8500,8678,8360,8135,7515,7311,7600,7605,7621,9123,8959,8974,8912,8977,9238,9032,9339,12387,11489,15134,11812,12472,11136,10595,11029,11528,11315,11193,11648,11198,11948,12851,12739,14544,13213,12595,15220,14880,14796,14934,14913,17635,15063,17266,16585,16179,16788,16482,9736,9793,10590,9852,10929,9841,10166,11411,9965,10411,10422,9984,10281,8112,8256,8260,13821,7543,8810,13536,11911,12957,18399,19529,15810,17244,15818,4601,8169,7700,8169,8197,8586,9750,10929,10653,9984,9587,10015,9587,11136,11275,16482,14796,13213,17477,16482,17570,17570,17570,17861,18399,18399,18399,7729,7243,7867,8066,6066,6066,4742,9942,9942,10015,9587,9587,13840,13213,8586,9750,8586,8586,8475,8632,8586,4025,11198,11136,2745,10532,6066,4742,9895,9933
1,349,0,875,1388,4490,2855,2524,4650,2674,3455,3123,4510,4815,3982,4983,2121,2328,2706,2100,3218,3489,3826,3621,3488,2704,6872,7143,3609,5522,6088,4914,5870,5888,6392,5935,4594,4402,5234,4468,4238,4646,4314,10793,10289,10344,13801,9603,9768,10545,9716,9781,11911,8122,9651,8504,6817,7400,8177,7646,7439,6396,7758,7098,6334,6926,6281,8334,8247,8092,7738,8474,8635,9513,9351,10406,8645,9721,9798,9434,8164,8068,8091,8354,8559,8218,7984,7401,7188,7476,7499,7480,9012,8881,8900,8819,8871,9088,8868,9208,12144,11164,14846,11638,12336,10849,10416,10856,11288,11120,10964,11405,10948,11704,12680,12624,14384,13047,12444,15058,14736,14858,15144,15037,17706,15194,17106,16460,16001,16617,16402,9390,9455,10256,9516,10588,9493,9817,11065,9623,10064,10077,9639,9936,7765,7914,7919,14105,7207,8464,13691,11562,12608,18066,19680,15916,17555,16134,4815,8055,7581,8055,8068,8425,9651,10588,10344,9639,9351,9798,9351,10849,10979,16575,14858,13047,17328,16402,17310,17310,17310,17591,18066,18066,18066,7400,6926,7646,7758,5870,5870,4468,9716,9716,9798,9351,9351,13659,13047,8425,9651,8425,8425,8301,8459,8425,4269,10948,10849,2524,10191,5870,4468,9603,9611
2,560,875,0,591,5017,3092,3287,4982,2233,3998,3044,5072,4085,3179,4149,1251,1454,1839,1542,2476,2615,3032,2819,2711,1983,6796,7122,4148,6193,6768,5597,6113,6037,6538,6532,5236,5008,5828,4964,4793,5303,4892,11345,10805,10934,13419,10128,10457,10808,10023,10084,11800,8000,9600,8402,7047,8083,8846,7951,7681,7062,8351,7786,6915,7558,6941,8514,8388,8200,7903,8645,8794,9775,9690,10548,8876,9998,10078,9628,8235,8106,8038,8437,8569,8291,8086,7406,7218,7505,7481,7556,8998,8781,8789,8757,8845,9179,9000,9246,12489,11817,15327,11780,12367,11354,10581,11000,11630,11325,11272,11756,11324,12056,12807,12597,14465,13157,12517,15137,14769,14399,14404,14451,17198,14594,17139,16417,16112,16696,16246,10244,10181,10954,10229,11330,10304,10640,11841,10489,10862,10932,10495,10793,8553,8665,8670,13589,7927,9317,13567,12382,13435,18673,19179,15901,16911,15488,4085,8054,7595,8054,8106,8551,9600,11330,10934,10495,9690,10078,9690,11354,11513,16038,14399,13157,17324,16246,17641,17641,17641,17944,18673,18673,18673,8083,7558,7951,8351,6113,6113,4964,10023,10023,10078,9690,9690,13808,13157,8551,9600,8551,8551,8463,8618,8551,3488,11324,11354,3287,10932,6113,4964,10128,10257
3,1041,1388,591,0,5066,2990,3584,4886,1747,4084,2737,5150,3961,2603,3595,939,1063,1352,1028,1885,2161,2452,2243,2125,1393,7148,7499,4732,6784,7360,6188,6613,6503,6998,7119,5827,5597,6416,5539,5378,5894,5479,11920,11373,11516,13506,10699,11048,11292,10528,10588,12086,8314,9940,8723,7537,8674,9437,8465,8173,7654,8936,8377,7499,8147,7532,8976,8833,8631,8362,9101,9245,10264,10207,10979,9357,10491,10573,10088,8648,8505,8390,8856,8950,8704,8515,7793,7619,7904,7856,7977,9363,9101,9102,9099,9205,9596,9437,9636,12998,12407,15871,12204,12730,11918,11023,11430,12141,11782,11771,12270,11849,12569,13215,12925,14832,13553,12900,15493,15104,14413,14169,14363,17097,14491,17410,16669,16466,17014,16432,10777,10770,11545,10819,11918,10872,11201,12423,11000,11436,11463,11025,11321,9130,9251,9256,13014,8517,9851,13116,12946,13994,19201,18603,15470,16319,14897,3961,8433,7986,8433,8505,8989,9940,11918,11516,11025,10207,10573,10207,11918,12083,15957,14413,13553,17561,16432,18068,18068,18068,18368,19201,19201,19201,8674,8147,8465,8936,6613,6613,5539,10528,10528,10573,10207,10207,14219,13553,8989,9940,8989,8989,8918,9071,8989,3302,11849,11918,3584,11521,6613,5539,10699,10847
6,4582,4490,5017,5066,0,2218,2346,1114,4328,1035,3104,231,9026,6402,7351,5991,6055,6129,4630,5610,6863,6244,6175,5939,5297,10977,11117,6625,7241,7565,6765,9323,9591,10038,7962,6804,6865,7482,7379,6982,6757,6933,11816,11654,11253,18114,11092,10149,13103,12256,12324,15650,12238,13478,12553,10163,8465,9130,10587,10644,7871,9314,8215,8339,8472,7829,11613,11669,11635,11151,11766,11938,12284,11831,13491,11695,12390,12435,12490,11808,11811,12059,11936,12326,11851,11557,11295,11042,11303,11436,11187,12801,12897,12941,12749,12706,12553,12230,12826,13898,11431,14789,14467,15457,12129,13409,13846,13303,13798,13225,13342,12882,13556,15298,15914,16531,15629,15366,16804,16913,19257,18320,19368,17789,19410,16971,17430,16834,16933,17893,8036,9624,10438,9777,10313,8785,8887,10350,7910,9364,8530,8175,8389,7807,8279,8278,11656,8050,7365,9975,10237,10952,15250,15202,11750,14432,13662,9026,11904,11436,11904,11811,11867,13478,10313,11253,8175,11831,12435,11831,12129,12060,18942,19257,15629,16996,17893,15999,15999,15999,15907,15250,15250,15250,8465,8472,10587,9314,9323,9323,7379,12256,12256,12435,11831,11831,15822,15629,11867,13478,11867,11867,11642,11787,11867,8353,12882,12129,2346,10032,9323,7379,11092,10344
7,2802,2855,3092,2990,2218,0,2172,1900,2126,1462,1067,2363,6898,4226,5218,3872,3902,3931,2422,3408,4649,4062,3977,3743,3079,9727,9990,6017,7390,7867,6803,8571,8666,9164,8001,6655,6584,7366,6883,6555,6657,6571,12632,12277,12092,16492,11613,11176,13084,12211,12280,14764,10977,12497,11359,9508,9045,9812,10217,10100,8198,9694,8751,8415,8804,8114,11043,10996,10869,10472,11191,11358,12088,11807,13114,11289,12266,12334,12104,10966,10888,10941,11144,11388,11018,10766,10239,10018,10304,10343,10285,11849,11735,11755,11669,11712,11864,11613,12019,14441,12596,16399,14315,15114,12828,13097,13552,13646,13726,13407,13735,13250,14016,15344,15442,17035,15722,15181,17658,17437,17376,16511,17157,19025,17241,19108,19084,18367,18833,19231,9666,10716,11577,10837,11647,10206,10403,11868,9664,10817,10257,9854,10109,8834,9190,9191,11828,8712,8855,10901,11976,12835,17442,16829,13065,15201,13996,6898,10892,10415,10892,10888,11182,12497,11647,12092,9854,11807,12334,11807,12828,12862,18599,17376,15722,19195,19231,18192,18192,18192,18124,17442,17442,17442,9045,8804,10217,9694,8571,8571,6883,12211,12211,12334,11807,11807,16243,15722,11182,12497,11182,11182,11027,11185,11182,6200,13250,12828,2172,11298,8571,6883,11613,11214
8,2745,2524,3287,3584,2346,2172,0,3015,3778,1465,3168,2273,7337,5768,6826,4492,4645,4901,3664,4901,5715,5596,5444,5239,4431,8632,8773,4329,5322,5760,4764,7024,7261,7720,5982,4695,4692,5404,5129,4750,4674,4726,10473,10144,9928,15771,9495,9006,11171,10294,10364,13397,9892,11168,10209,7900,6893,7652,8435,8423,6088,7589,6604,6389,6701,6015,9395,9418,9356,8892,9549,9722,10241,9874,11383,9543,10387,10445,10360,9512,9497,9719,9653,10014,9558,9271,8958,8707,8973,9096,8872,10490,10556,10599,10417,10386,10308,10005,10550,12355,10429,14262,12493,13415,10687,11330,11784,11605,11851,11418,11679,11194,11945,13460,13828,15046,13831,13401,15592,15469,16913,17668,17364,18835,17541,17068,16928,16198,16682,17219,7691,8552,9413,8669,9514,8118,8351,9788,7774,8730,8329,7904,8180,6673,7019,7020,13749,6548,6825,12302,10007,10955,16340,17229,14076,16771,15869,7337,9576,9104,9576,9497,9615,11168,9514,9928,7904,9874,10445,9874,10687,10705,18551,16913,13831,17260,17219,16451,16451,16451,16553,16340,16340,16340,6893,6701,8435,7589,7024,7024,5129,10294,10294,10445,9874,9874,14244,13831,9615,11168,9615,9615,9410,9561,9615,6771,11194,10687,-10000,9154,7024,5129,9495,9044
9,4652,4650,4982,4886,1114,1900,3015,0,3774,1553,2455,1344,8754,5725,6589,5751,5761,5736,4232,5012,6389,5581,5551,5316,4791,11448,11657,7334,8203,8568,7691,10017,10212,10688,8905,7676,7695,8375,8144,7765,7643,7738,12924,12745,12361,18392,12166,11262,14095,13230,13299,16388,12716,14124,13073,10908,9529,10213,11442,11438,8882,10351,9270,9297,9491,8831,12410,12427,12353,11899,12564,12736,13216,12805,14386,12553,13344,13397,13366,12495,12461,12615,12647,12976,12543,12263,11874,11634,11911,11998,11839,13451,13440,13471,13334,13334,13317,13018,13544,14996,12543,15793,15448,16407,13230,14324,14774,14371,14788,14263,14417,13949,14642,16343,16835,17645,16690,16359,17886,18024,19082,17211,18405,17607,18360,17535,18175,17741,17664,18586,9113,10738,11552,10891,11418,9888,9978,11432,8959,10461,9581,9241,9443,8916,9382,9380,10768,9123,8466,9349,11270,11923,15606,15029,11343,13810,12858,8754,12512,12034,12512,12461,12623,14124,11418,12361,9241,12805,13397,12805,13230,13168,18472,19082,16690,17474,18586,16562,16562,16562,16397,15606,15606,15606,9529,9491,11442,10351,10017,10017,8144,13230,13230,13397,12805,12805,16928,16690,12623,14124,12623,12623,12423,12575,12623,8041,13949,13230,3015,11142,10017,8144,12166,11451
10,2384,2674,2233,1747,4328,2126,3778,3774,0,3565,1325,4485,5063,2107,3128,2271,2183,2024,723,1282,2617,1940,1851,1617,1022,8857,9224,6277,8167,8723,7555,8343,8248,8745,8607,7258,7076,7907,7126,6911,7305,6988,13467,12962,13010,14692,12276,12364,13034,12255,12316,13691,9985,11627,10399,9274,10022,10807,10184,9909,9039,10428,9718,9008,9586,8928,10723,10580,10377,10109,10848,10993,12003,11922,12723,11099,12227,12308,11836,10389,10239,10095,10598,10674,10445,10260,9523,9356,9639,9579,9720,11074,10773,10767,10791,10912,11336,11183,11363,14722,13787,17518,13944,14423,13520,12769,13173,13863,13529,13503,13988,13553,14288,14945,14576,16512,15273,14612,17146,16734,15369,14426,15041,17353,15118,18695,18034,18083,18506,17651,11462,12002,12836,12083,13085,11811,12078,13464,11550,12415,12106,11679,11957,10205,10437,10440,11437,9791,10581,11368,13771,14732,19084,17148,13723,14882,13468,5063,10156,9717,10156,10239,10735,11627,13085,13010,11679,11922,12308,11922,13520,13654,16493,15369,15273,18697,17651,19674,19674,19674,19730,19084,19084,19084,10022,9586,10184,10428,8343,8343,7126,12255,12255,12308,11922,11922,15947,15273,10735,11627,10735,10735,10665,10818,10735,4334,13553,13520,3778,12698,8343,7126,12276,12250
11,3552,3455,3998,4084,1035,1462,1465,1553,3565,0,2500,1074,8041,5671,6676,5019,5101,5218,3753,4836,5985,5505,5408,5176,4467,10024,10194,5793,6692,7087,6162,8485,8706,9172,7380,6129,6143,6832,6594,6213,6100,6185,11640,11383,11080,17162,10765,10057,12578,11706,11776,14860,11291,12619,11625,9364,8127,8850,9890,9887,7408,8897,7853,7778,8021,7348,10860,10883,10819,10357,11014,11186,11676,11283,12836,11000,11811,11866,11814,10970,10950,11147,11115,11466,11017,10732,10392,10144,10415,10524,10325,11943,11981,12019,11854,11834,11773,11470,12012,13632,11428,15084,13919,14862,11901,12776,13229,12935,13267,12786,12996,12516,13245,14855,15284,16347,15218,14830,16802,16768,18281,17974,18445,18812,18575,17648,17875,17161,17457,18297,8284,9561,10410,9698,10392,8902,9065,10540,8245,9506,8849,8457,8702,7687,8103,8102,12313,7745,7514,10855,10573,11397,16154,16237,12735,15328,14411,8041,11018,10544,11018,10950,11080,12619,10392,11080,8457,11283,11866,11283,11901,11880,19976,18281,15218,17739,18297,16743,16743,16743,16711,16154,16154,16154,8127,8021,9890,8897,8485,8485,6594,11706,11706,11866,11283,11283,15562,15218,11080,12619,11080,11080,10875,11026,11080,7385,12516,11901,1465,10070,8485,6594,10765,10174
12,2949,3123,3044,2737,3104,1067,3168,2455,1325,2500,0,3285,6371,3309,4247,3469,3428,3329,1874,2560,3941,3156,3108,2872,2346,9841,10163,6611,8207,8717,7604,8994,8999,9504,8764,7398,7283,8096,7486,7199,7417,7241,13528,13120,13006,16016,12440,12154,13654,12808,12875,14822,11036,12644,11441,9941,9946,10725,10751,10561,9046,10523,9647,9179,9639,8953,11456,11362,11196,10857,11595,11754,12626,12428,13525,11767,12827,12902,12557,11251,11135,11082,11447,11607,11306,11084,10442,10247,10535,10522,10567,12040,11820,11825,11801,11888,12186,11981,12277,15177,13586,17431,14758,15406,13681,13538,13976,14340,14241,14047,14445,13970,14739,15799,15641,17493,16163,15542,18168,17812,16670,15481,16264,18066,16318,19807,19355,19124,19739,18968,10733,11714,12574,11826,12680,11258,11464,12924,10728,11870,11323,10920,11175,9839,10168,10169,11145,9640,9917,10586,13042,13894,17937,16602,12878,14610,13293,6371,11093,10630,11093,11135,11536,12644,12680,13006,10920,12428,12902,12428,13681,13747,17565,16670,16163,19571,18968,19010,19010,19010,18804,17937,17937,17937,9946,9639,10751,10523,8994,8994,7486,12808,12808,12902,12428,12428,16782,16163,11536,12644,11536,11536,11420,11578,11536,5645,13970,13681,3168,12322,8994,7486,12440,12152
13,4620,4510,5072,5150,231,2363,2273,1344,4485,1074,3285,0,9110,6570,7531,6081,6155,6247,4757,5767,6994,6410,6335,6100,5440,10898,11023,6507,7057,7371,6592,9201,9483,9923,7782,6645,6716,7316,7245,6845,6595,6791,11590,11433,11027,18006,10876,9920,12906,12064,12132,15497,12153,13353,12458,10027,8253,8912,10425,10496,7674,9109,8006,8155,8273,7635,11461,11526,11500,11012,11615,11786,12101,11640,13314,11530,12202,12246,12319,11680,11691,11959,11802,12204,11722,11425,11192,10937,11194,11336,11068,12678,12796,12843,12640,12587,12407,12079,12689,13675,11200,14568,14270,15264,11905,13228,13662,13088,13600,13017,13124,12667,13336,15086,15725,16301,15413,15165,16573,16682,19129,18552,19510,17739,19602,16803,17233,16620,16741,17696,7808,9395,10208,9548,10082,8554,8657,10120,7686,9133,8305,7948,8164,7581,8055,8054,11822,7836,7134,10084,10015,10739,15131,15189,11806,14525,13802,9110,11793,11329,11793,11691,11724,13353,10082,11027,7948,11640,12246,11640,11905,11833,18898,19129,15413,16841,17696,15839,15839,15839,15761,15131,15131,15131,8253,8273,10425,9109,9201,9201,7245,12064,12064,12246,11640,11640,15596,15413,11724,13353,11724,11724,11495,11638,11724,8447,12667,11905,2273,9801,9201,7245,10876,10119
14,4601,4815,4085,3961,9026,6898,7337,8754,5063,8041,6371,9110,0,3687,3598,3037,2998,3042,4526,4014,2546,3739,3637,3823,4057,4915,5378,5917,7947,8440,7564,5855,5401,5708,7806,7088,6757,7280,6241,6387,7207,6554,11230,10621,11137,9660,10150,11401,9407,8991,9021,8845,5615,7180,6011,6419,9489,10001,7414,6928,8587,9163,9284,8004,8769,8460,7268,7000,6719,6747,7323,7392,8597,8876,8694,7765,8835,8915,8182,6586,6354,5925,6796,6595,6635,6609,5690,5664,5868,5650,6104,6834,6326,6289,6455,6665,7402,7433,7237,11076,12202,13718,9694,9786,10980,8814,9068,10396,9576,9964,10536,10317,10770,10474,9792,11681,10699,10049,12220,11796,10479,10334,10404,13148,10536,13695,12984,13067,13443,12643,12796,11451,11853,11392,12486,12301,12698,13178,13248,12625,13412,13053,13320,10621,10422,10430,12685,9601,11974,14457,14063,14920,15647,15423,16116,14321,13398,-10000,6147,5868,6147,6354,7064,7180,12486,11137,13053,8876,8915,8876,10980,11255,11999,10479,10699,13778,12643,14617,14617,14617,14829,15647,15647,15647,9489,8769,7414,9163,5855,5855,6241,8991,8991,8915,8876,8876,11363,10699,7064,7180,7064,7064,7154,7258,7064,733,10317,10980,7337,12165,5855,6241,10150,10961
15,3633,3982,3179,2603,6402,4226,5768,5725,2107,5671,3309,6570,3687,0,1059,2238,1989,1511,2112,868,1270,173,361,531,1352,8337,8776,7183,9316,9894,8737,8543,8268,8706,9567,8345,8087,8876,7914,7823,8423,7945,14152,13553,13844,12864,12928,13555,12869,12284,12330,12507,9226,10836,9635,9362,11199,11937,10373,9973,10171,11340,10910,9918,10618,10045,10568,10346,10089,9978,10658,10764,11935,12061,12270,11032,12178,12262,11608,10014,9808,9477,10231,10132,10067,9971,9096,9003,9253,9097,9427,10431,9970,9940,10072,10260,10910,10870,10808,14612,14830,17398,13345,13472,14043,12371,12675,13840,13153,13416,13981,13665,14250,14160,13460,15298,14385,13737,15761,15346,13375,12321,12965,15281,13031,16651,16112,16456,16625,15673,13325,13326,14059,13359,14485,13474,13798,15018,13494,14039,14001,13563,13855,11731,11835,11840,10667,11078,12407,11441,15543,16583,17900,16003,13697,13764,12364,3687,9644,9288,9644,9808,10453,10836,14485,13844,13563,12061,12262,12061,14043,14265,14387,13375,14385,16608,15673,17612,17612,17612,17642,17900,17900,17900,11199,10618,10373,11340,8543,8543,7914,12284,12284,12262,12061,12061,15044,14385,10453,10836,10453,10453,10475,10607,10453,2998,13665,14043,5768,14088,8543,7914,12928,13292
16,4635,4983,4149,3595,7351,5218,6826,6589,3128,6676,4247,7531,3598,1059,0,3074,2821,2356,3171,1925,1779,1231,1399,1590,2408,8483,8941,7995,10165,10740,9608,9029,8683,9076,10341,9191,8913,9668,8665,8621,9279,8755,14646,14031,14429,12106,13464,14324,13003,12543,12579,12128,9207,10735,9596,9768,12021,12724,10788,10343,10997,12049,11744,10664,11396,10868,10809,10556,10281,10253,10878,10959,12161,12385,12285,11297,12403,12484,11768,10165,9939,9523,10379,10192,10216,10168,9258,9206,9429,9230,9644,10425,9898,9856,10041,10257,10999,11018,10833,14668,15473,17085,13233,13173,14461,12409,12647,13991,13164,13559,14132,13895,14367,13907,13076,14766,14067,13462,15121,14730,12497,11303,12019,14237,12071,15688,15221,15668,15732,14767,14361,14162,14827,14173,15324,14446,14787,15913,14547,14988,15042,14604,14898,12676,12732,12737,9961,11946,13439,11081,16527,17582,16846,15031,13193,12861,11497,3598,9740,9441,9740,9939,10634,10735,15324,14429,14604,12385,12484,12385,14461,14716,13384,12497,14067,15620,14767,16616,16616,16616,16612,16846,16846,16846,12021,11396,10788,12049,9029,9029,8665,12543,12543,12484,12385,12385,14675,14067,10634,10735,10634,10634,10702,10817,10634,3029,13895,14461,6826,14934,9029,8665,13464,14001
22,1810,2121,1251,939,5991,3872,4492,5751,2271,5019,3469,6081,3037,2238,3074,0,254,732,1601,1799,1399,2129,1910,1893,1476,6636,7027,4952,7103,7680,6538,6433,6232,6705,7331,6129,5861,6641,5676,5589,6214,5714,11965,11381,11625,12646,10735,11321,10996,10301,10355,11422,7728,9375,8144,7310,8976,9705,8292,7940,7948,9103,8692,7680,8383,7821,8655,8476,8248,8044,8767,8896,9995,10024,10566,9078,10232,10316,9751,8228,8059,7863,8443,8466,8284,8130,7336,7191,7466,7376,7581,8845,8514,8506,8545,8680,9170,9056,9158,12745,12595,15672,11758,12167,11897,10631,11007,11910,11411,11511,12046,11667,12337,12725,12307,14244,13035,12369,14875,14465,13511,13238,13430,16159,13556,16638,15901,15821,16306,15612,11417,11112,11826,11137,12276,11389,11743,12844,11692,11918,12107,11673,11972,9609,9659,9664,12901,8879,10490,13427,13469,14526,18605,17988,15770,15933,14567,3037,7951,7531,7951,8059,8614,9375,12276,11625,11673,10024,10316,10024,11897,12098,15023,13511,13035,16755,15612,17456,17456,17456,17721,18605,18605,18605,8976,8383,8292,9103,6433,6433,5676,10301,10301,10316,10024,10024,13717,13035,8614,9375,8614,8614,8581,8727,8614,2366,11667,11897,4492,11881,6433,5676,10735,11054
23,2006,2328,1454,1063,6055,3902,4645,5761,2183,5101,3428,6155,2998,1989,2821,254,0,480,1554,1589,1167,1884,1665,1660,1314,6788,7187,5204,7357,7934,6791,6651,6436,6904,7582,6383,6114,6893,5926,5841,6467,5967,12200,11614,11868,12644,10971,11573,11185,10504,10556,11513,7855,9504,8272,7519,9230,9957,8507,8146,8202,9351,8945,7930,8635,8074,8844,8659,8426,8235,8953,9079,10190,10234,10731,9274,10429,10513,9935,8398,8222,8007,8613,8619,8454,8307,7499,7361,7634,7533,7758,8989,8639,8628,8680,8822,9336,9231,9312,12937,12842,15864,11912,12289,12126,10801,11169,12108,11584,11705,12245,11874,12534,12865,12412,14351,13167,12500,14970,14555,13475,13110,13356,16063,13476,16663,15934,15901,16359,15623,11656,11366,12078,11390,12529,11639,11992,13097,11924,12170,12346,11911,12209,9860,9912,9918,12654,9133,10729,13231,13719,14776,18634,17763,15563,15681,14314,2998,8106,7694,8106,8222,8792,9504,12529,11868,11911,10234,10513,10234,12126,12330,14943,13475,13167,16764,15623,17525,17525,17525,17774,18634,18634,18634,9230,8635,8507,9351,6651,6651,5926,10504,10504,10513,10234,10234,13851,13167,8792,9504,8792,8792,8767,8911,8792,2302,11874,12126,4645,12134,6651,5926,10971,11304
24,2368,2706,1839,1352,6129,3931,4901,5736,2024,5218,3329,6247,3042,1511,2356,732,480,0,1511,1191,814,1410,1193,1209,1041,7133,7545,5683,7833,8410,7265,7095,6861,7321,8061,6859,6592,7373,6405,6320,6942,6445,12666,12075,12340,12694,11438,12053,11580,10922,10973,11741,8156,9804,8573,7949,9708,10436,8945,8573,8680,9829,9422,8409,9114,8552,9244,9048,8808,8638,9348,9469,10598,10664,11088,9684,10839,10923,10324,8767,8583,8335,8984,8962,8822,8689,7860,7734,8001,7885,8140,9314,8934,8918,8991,9146,9697,9609,9653,13336,13320,16252,12249,12568,12582,11167,11520,12518,11952,12109,12656,12298,12941,13175,12660,14595,13461,12793,15186,14765,13456,12916,13263,15910,13371,16730,16026,16081,16484,15676,12079,11843,12558,11868,13006,12094,12443,13569,12328,12632,12768,12332,12629,10320,10382,10388,12177,9607,11151,12818,14176,15233,18635,17352,15131,15215,13840,3042,8453,8055,8453,8583,9175,9804,13006,12340,12332,10664,10923,10664,12582,12791,14830,13456,13461,16797,15676,17659,17659,17659,17868,18635,18635,18635,9708,9114,8945,9829,7095,7095,6405,10922,10922,10923,10664,10664,14145,13461,9175,9804,9175,9175,9162,9303,9175,2316,12298,12582,4901,12611,7095,6405,11438,11783
27,1778,2100,1542,1028,4630,2422,3664,4232,723,3753,1874,4757,4526,2112,3171,1601,1554,1511,0,1252,2236,1940,1780,1581,768,8139,8503,5654,7621,8188,7013,7637,7531,8026,8017,6688,6484,7313,6488,6295,6743,6384,12861,12333,12429,14185,11652,11865,12320,11551,11611,13011,9279,10917,9691,8563,9499,10277,9484,9199,8495,9841,9197,8409,9021,8379,10003,9858,9654,9389,10128,10271,11291,11225,12000,10384,11518,11599,11116,9666,9517,9379,9874,9954,9722,9537,8801,8633,8917,8859,8997,10357,10066,10063,10079,10196,10613,10461,10642,14021,13264,16869,13221,13712,12886,12047,12450,13163,12808,12797,13290,12864,13590,14224,13881,15809,14554,13896,16455,16051,14967,14310,14755,17317,14855,18215,17488,17413,17906,17169,11240,11540,12351,11607,12659,11480,11776,13099,11388,12070,11907,11472,11760,9804,9988,9992,12068,9300,10332,12089,13507,14519,19802,17771,14445,15467,14041,4526,9436,8995,9436,9517,10013,10917,12659,12429,11472,11225,11599,11225,12886,13036,16298,14967,14554,18302,17169,19049,19049,19049,19322,19802,19802,19802,9499,9021,9484,9841,7637,7637,6488,11551,11551,11599,11225,11225,15227,14554,10013,10917,10013,10013,9944,10097,10013,3809,12864,12886,3664,12265,7637,6488,11652,11710
28,2873,3218,2476,1885,5610,3408,4901,5012,1282,4836,2560,5767,4014,868,1925,1799,1589,1191,1252,0,1472,695,571,343,516,8321,8735,6594,8669,9245,8074,8231,8025,8493,8987,7709,7473,8285,7375,7240,7778,7348,13729,13157,13358,13504,12499,12932,12766,12092,12145,12836,9327,10970,9743,9106,10559,11320,10090,9735,9537,10794,10262,9358,10023,9415,10427,10235,9997,9819,10533,10656,11777,11821,12278,10861,12016,12100,11511,9958,9773,9518,10174,10149,10013,9878,9050,8924,9192,9075,9329,10495,10099,10080,10165,10326,10887,10799,10839,14521,14280,17442,13432,13712,13682,12357,12708,13696,13143,13290,13833,13462,14121,14341,13772,15687,14615,13948,16234,15810,14110,13168,13759,16143,13835,17429,16823,17049,17326,16408,12487,12654,13430,12704,13798,12692,13001,14282,12639,13273,13157,12721,13010,10982,11126,11131,11183,10400,11576,11643,14739,15762,18741,16727,13975,14434,13013,4014,9642,9245,9642,9773,10364,10970,13798,13358,12721,11821,12100,11821,13682,13873,15220,14110,14615,17415,16408,18411,18411,18411,18483,18741,18741,18741,10559,10023,10090,10794,8231,8231,7375,12092,12092,12100,11821,11821,15296,14615,10364,10970,10364,10364,10348,10490,10364,3285,13462,13682,4901,13400,8231,7375,12499,12721
29,3159,3489,2615,2161,6863,4649,5715,6389,2617,5985,3941,6994,2546,1270,1779,1399,1167,814,2236,1472,0,1266,1120,1284,1598,7068,7506,6228,8405,8977,7861,7331,7029,7457,8562,7433,7148,7893,6886,6849,7526,6986,12960,12352,12696,12080,11751,12545,11599,11021,11066,11384,7981,9605,8392,8124,10249,10945,9140,8726,9227,10273,9975,8884,9617,9097,9301,9077,8818,8713,9390,9494,10668,10809,11008,9768,10911,10995,10337,8744,8539,8217,8961,8869,8797,8701,7826,7732,7982,7828,8158,9178,8736,8709,8826,9007,9643,9600,9548,13343,13722,16166,12104,12296,12822,11106,11418,12570,11890,12146,12711,12401,12979,12957,12327,14227,13206,12546,14763,14339,12768,12119,12519,15121,12618,16085,15420,15586,15908,15035,12816,12388,13048,12396,13548,12758,13120,14153,13090,13269,13506,13072,13371,10970,10987,10993,11738,10189,11889,12694,14829,15882,17881,16596,14909,14569,13241,2546,8378,8018,8378,8539,9183,9605,13548,12696,13072,10809,10995,10809,12822,13057,14065,12768,13206,16121,15035,17056,17056,17056,17216,17881,17881,17881,10249,9617,9140,10273,7331,7331,6886,11021,11021,10995,10809,10809,13880,13206,9183,9605,9183,9183,9207,9337,9183,1821,12401,12822,5715,13161,7331,6886,11751,12228
30,3478,3826,3032,2452,6244,4062,5596,5581,1940,5505,3156,6410,3739,173,1231,2129,1884,1410,1940,695,1266,0,220,359,1181,8330,8765,7062,9185,9763,8603,8477,8216,8661,9450,8216,7962,8756,7804,7704,8293,7823,14072,13477,13750,12993,12845,13433,12852,12248,12295,12575,9244,10863,9655,9309,11071,11815,10316,9924,10044,11231,10781,9806,10499,9918,10540,10323,10069,9945,10633,10742,11905,12015,12274,10998,12148,12232,11590,10001,9799,9483,10219,10134,10055,9951,9084,8984,9238,9090,9406,10443,9995,9967,10090,10273,10906,10856,10814,14601,14725,17427,13367,13524,13976,12370,12684,13816,13155,13395,13957,13629,14230,14202,13526,15383,14437,13784,15863,15445,13523,12489,13124,15452,13191,16809,16257,16581,16770,15822,13158,13193,13936,13230,14351,13319,13640,14873,13324,13887,13833,13396,13687,11582,11694,11699,10771,10943,12242,11485,15384,16421,18070,16152,13759,13901,12496,3739,9642,9277,9642,9799,10435,10863,14351,13750,13396,12015,12232,12015,13976,14192,14553,13523,14437,16771,15822,17775,17775,17775,17810,18070,18070,18070,11071,10499,10316,11231,8477,8477,7804,12248,12248,12232,12015,12015,15102,14437,10435,10863,10435,10435,10449,10583,10435,3038,13629,13976,5596,13953,8477,7804,12845,13181
31,3273,3621,2819,2243,6175,3977,5444,5551,1851,5408,3108,6335,3637,361,1399,1910,1665,1193,1780,571,1120,220,0,237,1014,8163,8594,6842,8966,9544,8385,8271,8016,8465,9230,7996,7742,8536,7584,7484,8074,7603,13858,13265,13533,12993,12630,13212,12674,12057,12105,12482,9098,10725,9511,9109,10852,11594,10113,9726,9824,11011,10561,9585,10279,9699,10355,10143,9891,9757,10450,10562,11718,11818,12113,10809,11961,12045,11412,9829,9630,9327,10046,9974,9883,9773,8913,8808,9064,8922,9226,10291,9855,9829,9943,10121,10739,10682,10656,14426,14505,17282,13222,13411,13767,12206,12529,13633,12992,13214,13773,13438,14049,14077,13430,15308,14323,13664,15812,15391,13562,12598,13193,15579,13267,16870,16288,16569,16797,15862,12971,12975,13716,13011,14133,13113,13438,14660,13148,13679,13649,13211,13504,11372,11479,11484,10991,10725,12052,11679,15183,16225,18244,16363,13964,14118,12715,3637,9478,9106,9478,9630,10257,10725,14133,13533,13211,11818,12045,11818,13767,13981,14649,13562,14323,16848,15862,17848,17848,17848,17912,18244,18244,18244,10852,10279,10113,11011,8271,8271,7584,12057,12057,12045,11818,11818,14993,14323,10257,10725,10257,10257,10266,10401,10257,2925,13438,13767,5444,13735,8271,7584,12630,12960
32,3140,3488,2711,2125,5939,3743,5239,5316,1617,5176,2872,6100,3823,531,1590,1893,1660,1209,1581,343,1284,359,237,0,823,8273,8698,6783,8887,9465,8299,8303,8067,8524,9175,7921,7675,8477,7543,7427,7995,7542,13858,13273,13513,13223,12628,13145,12763,12123,12173,12666,9236,10870,9650,9157,10776,11528,10154,9779,9751,10970,10483,9538,10219,9626,10434,10229,9983,9831,10534,10650,11793,11871,12229,10880,12035,12119,11502,9929,9736,9450,10147,10092,9984,9864,9015,8902,9164,9031,9316,10420,9999,9975,10079,10251,10848,10778,10778,14519,14464,17407,13356,13578,13786,12317,12651,13712,13104,13298,13851,13501,14132,14232,13610,15503,14487,13825,16020,15597,13798,12826,13429,15799,13502,17107,16522,16793,17031,16098,12802,12888,13646,12931,14040,12978,13294,14547,12965,13551,13476,13039,13330,11250,11376,11381,11023,10635,11887,11617,15037,16069,18427,16478,13923,14208,12796,3823,9591,9210,9591,9736,10349,10870,14040,13513,13039,11871,12119,11871,13786,13990,14881,13798,14487,17084,16098,18085,18085,18085,18143,18427,18427,18427,10776,10219,10154,10970,8303,8303,7543,12123,12123,12119,11871,11871,15162,14487,10349,10870,10349,10349,10349,10487,10349,3103,13501,13786,5239,13642,8303,7543,12628,12911
33,2361,2704,1983,1393,5297,3079,4431,4791,1022,4467,2346,5440,4057,1352,2408,1476,1314,1041,768,516,1598,1181,1014,823,0,8102,8498,6121,8174,8749,7576,7864,7691,8170,8511,7219,6990,7807,6917,6767,7285,6870,13291,12731,12901,13671,12064,12437,12468,11757,11813,12780,9164,10813,9580,8760,10063,10829,9726,9393,9045,10325,9766,8888,9540,8924,10127,9952,9725,9515,10241,10371,11460,11466,12040,10544,11696,11780,11226,9704,9532,9321,9919,9932,9760,9606,8809,8667,8941,8846,9058,10302,9946,9933,9991,10136,10644,10532,10625,14212,13800,17137,13226,13591,13266,12107,12480,13371,12888,12978,13505,13113,13798,14178,13695,15632,14476,13807,16227,15806,14362,13567,14078,16566,14167,17683,17013,17117,17491,16633,11980,12149,12933,12203,13289,12176,12485,13767,12142,12756,12653,12216,12507,10467,10616,10621,11637,9896,11067,11959,14225,15251,19251,17231,14311,14930,13506,4057,9419,9004,9419,9532,10090,10813,13289,12901,12216,11466,11780,11466,13266,13445,15586,14362,14476,17711,16633,18652,18652,18652,18808,19251,19251,19251,10063,9540,9726,10325,7864,7864,6917,11757,11757,11780,11466,11466,15159,14476,10090,10813,10090,10090,10055,10201,10090,3325,13113,13266,4431,12892,7864,6917,12064,12240
37,6954,6872,6796,7148,10977,9727,8632,11448,8857,10024,9841,10898,4915,8337,8483,6636,6788,7133,8139,8321,7068,8330,8163,8273,8102,0,464,4523,5159,5326,5230,2146,1640,1451,4563,4906,4676,4515,3998,4398,5012,4518,6356,5762,6343,7146,5379,6880,4543,4076,4106,5040,1269,2804,1633,1978,5720,5883,2748,2235,5257,4995,5667,4478,5061,5176,2359,2085,1804,1887,2408,2478,3683,3977,3958,2859,3923,4003,3291,1686,1471,1243,1902,1831,1738,1694,776,779,953,759,1210,2217,2009,2030,1961,2057,2576,2543,2523,6275,7381,9135,5124,5582,6078,4044,4387,5526,4831,5096,5668,5413,5924,6093,5801,7686,6416,5756,8351,7974,8285,9619,8793,10965,8977,10346,9638,9326,9900,9533,9176,7108,7246,6994,7914,8300,8654,8595,9719,8379,9556,9368,9533,7132,6694,6702,16077,6046,8708,18663,9514,10174,12088,13467,17226,14584,14982,4915,1320,959,1320,1471,2152,2804,7914,6343,9368,3977,4003,3977,6078,6359,9998,8285,6416,10541,9533,10924,10924,10924,11221,12088,12088,12088,5720,5061,2748,4995,2146,2146,3998,4076,4076,4003,3977,3977,7092,6416,2152,2804,2152,2152,2241,2343,2152,5456,5413,6078,8632,7679,2146,3998,5379,6381
38,7247,7143,7122,7499,11117,9990,8773,11657,9224,10194,10163,11023,5378,8776,8941,7027,7187,7545,8503,8735,7506,8765,8594,8698,8498,464,0,4563,4977,5094,5106,2016,1585,1264,4342,4819,4615,4367,3959,4367,4917,4472,5893,5300,5886,6997,4927,6448,4096,3613,3644,4778,1157,2508,1436,1657,5390,5506,2332,1825,4997,4625,5358,4218,4755,4925,1894,1622,1342,1434,1945,2019,3222,3513,3545,2394,3463,3544,2839,1238,1039,958,1455,1452,1291,1231,320,341,490,359,751,1878,1787,1826,1683,1730,2152,2095,2139,5837,6921,8714,4733,5245,5614,3622,3981,5077,4409,4648,5219,4955,5478,5721,5492,7345,6054,5402,8015,7649,8140,9594,8698,10749,8881,10033,9338,8990,9576,9259,8806,6692,6805,6573,7473,7907,8254,8151,9350,7963,9162,8991,9145,6807,6350,6358,16295,5736,8379,18812,9069,9716,11726,13195,16970,14471,15002,5378,934,512,934,1039,1694,2508,7473,5886,8991,3513,3544,3513,5614,5895,9826,8140,6054,10235,9259,10569,10569,10569,10869,11726,11726,11726,5390,4755,2332,4625,2016,2016,3959,3613,3613,3544,3513,3513,6724,6054,1694,2508,1694,1694,1777,1881,1694,5912,4955,5614,8773,7247,2016,3959,4927,5946
39,3893,3609,4148,4732,6625,6017,4329,7334,6277,5793,6611,6507,5917,7183,7995,4952,5204,5683,5654,6594,6228,7062,6842,6783,6121,4523,4563,0,2182,2750,1683,2700,2990,3417,2393,1222,920,1694,875,646,1328,762,7206,6686,6786,11499,6002,6372,7076,6212,6280,9068,5717,6853,5982,3574,4028,4754,4201,4120,3002,4205,3748,2768,3437,2873,5087,5093,5027,4565,5239,5411,6071,5821,7125,5285,6254,6324,6104,5187,5186,5470,5325,5701,5232,4942,4701,4442,4692,4854,4562,6176,6303,6355,6136,6081,5983,5688,6221,8574,7686,11241,8303,9156,7243,7095,7551,7730,7710,7439,7838,7370,8134,9327,9540,11022,9706,9186,11666,11421,12634,14142,13249,14931,13432,13641,13122,12532,13144,13223,6921,6168,6876,6187,7331,6610,6994,7925,7343,7072,7574,7183,7465,4830,4774,4781,17713,3965,6066,16584,8633,9671,14543,16640,17627,18831,19297,5917,5288,4829,5288,5186,5289,6853,7331,6786,7183,5821,6324,5821,7243,7383,14224,12634,9706,13876,13223,13703,13703,13703,13982,14543,14543,14543,4028,3437,4201,4205,2700,2700,875,6212,6212,6324,5821,5821,10241,9706,5289,6853,5289,5289,5092,5246,5289,5840,7370,7243,4329,6939,2700,875,6002,6129
40,5846,5522,6193,6784,7241,7390,5322,8203,8167,6692,8207,7057,7947,9316,10165,7103,7357,7833,7621,8669,8405,9185,8966,8887,8174,5159,4977,2182,0,578,613,3016,3554,3724,740,974,1262,711,1707,1595,893,1440,5343,4913,4853,11069,4235,4264,5892,5028,5097,8495,6045,6609,6154,3423,1890,2658,3461,3674,874,2316,1596,1098,1435,761,4560,4708,4781,4264,4705,4865,5044,4602,6260,4525,5151,5200,5282,5023,5138,5644,5069,5581,5048,4746,4961,4716,4863,5134,4608,5998,6367,6441,6125,5969,5514,5162,5864,7054,5643,9393,7246,8222,5474,6171,6606,6285,6585,6101,6362,5876,6634,8163,8674,9725,8528,8156,10289,10147,12090,14071,12883,13647,13046,12053,11695,11008,11580,11921,4850,4011,4762,4045,5173,4443,4833,5750,5318,4891,5471,5107,5374,2687,2593,2600,18708,1784,4066,16184,6452,7489,12553,14662,15909,16969,18388,7947,5346,5002,5346,5138,4894,6609,5173,4853,5107,4602,5200,4602,5474,5551,13320,12090,8528,12285,11921,11882,11882,11882,12131,12553,12553,12553,1890,1435,3461,2316,3016,3016,1707,5028,5028,5200,4602,4602,8923,8528,4894,6609,4894,4894,4627,4746,4894,7957,5876,5474,5322,4778,3016,1707,4235,4090
41,6415,6088,6768,7360,7565,7867,5760,8568,8723,7087,8717,7371,8440,9894,10740,7680,7934,8410,8188,9245,8977,9763,9544,9465,8749,5326,5094,2750,578,0,1175,3225,3782,3876,768,1551,1830,1161,2208,2146,1471,1999,4815,4413,4313,10819,3746,3689,5539,4694,4761,8254,6103,6497,6167,3473,1315,2089,3331,3619,330,1830,1018,918,941,264,4436,4618,4728,4219,4572,4723,4755,4270,5986,4334,4838,4879,5045,4983,5124,5673,5001,5532,5001,4708,5038,4807,4920,5210,4643,5920,6345,6422,6089,5911,5371,5014,5740,6595,5076,8851,6902,7894,4969,5883,6303,5854,6234,5702,5923,5439,6186,7779,8356,9291,8135,7805,9834,9715,11795,13845,12614,13175,12769,11543,11216,10517,11077,11465,4375,3433,4186,3467,4596,3904,4297,5176,4863,4333,4973,4626,4884,2182,2036,2043,18603,1217,3639,16016,5891,6923,11983,14090,15456,16394,17811,8440,5355,5055,5355,5124,4794,6497,4596,4313,4626,4270,4879,4270,4969,5031,12923,11795,8135,11772,11465,11335,11335,11335,11579,11983,11983,11983,1315,941,3331,1830,3225,3225,2208,4694,4694,4879,4270,4270,8493,8135,4794,6497,4794,4794,4517,4621,4794,8482,5439,4969,5760,4201,3225,2208,3746,3528
42,5240,4914,5597,6188,6765,6803,4764,7691,7555,6162,7604,6592,7564,8737,9608,6538,6791,7265,7013,8074,7861,8603,8385,8299,7576,5230,5106,1683,613,1175,0,3095,3593,3842,1219,477,808,766,1423,1183,358,1014,5953,5517,5466,11491,4837,4862,6417,5545,5614,8923,6220,6941,6373,3655,2489,3263,3850,3994,1484,2921,2190,1624,2045,1374,4925,5041,5081,4565,5074,5241,5530,5121,6727,4944,5654,5707,5727,5307,5395,5853,5377,5865,5338,5033,5132,4877,5056,5304,4828,6304,6618,6687,6391,6259,5883,5538,6211,7638,6251,10006,7759,8720,6079,6648,7092,6855,7105,6654,6937,6452,7214,8701,9162,10290,9070,8671,10868,10712,12545,14450,13311,14230,13480,12657,12284,11604,12181,12497,5247,4590,5358,4632,5749,4934,5315,6306,5684,5413,5893,5508,5787,3149,3126,3132,18398,2343,4410,16086,6976,8023,13158,15264,16193,17564,18962,7564,5580,5198,5580,5395,5233,6941,5749,5466,5508,5121,5707,5121,6079,6161,13850,12545,9070,12889,12497,12495,12495,12495,12743,13158,13158,13158,2489,2045,3850,2921,3095,3095,1423,5545,5545,5707,5121,5121,9487,9070,5233,6941,5233,5233,4978,5108,5233,7519,6452,6079,4764,5352,3095,1423,4837,4699
43,6066,5870,6113,6613,9323,8571,7024,10017,8343,8485,8994,9201,5855,8543,9029,6433,6651,7095,7637,8231,7331,8477,8271,8303,7864,2146,2016,2700,3016,3225,3095,0,561,761,2457,2804,2612,2370,1984,2394,2901,2483,5631,5021,5405,8805,4435,5546,4699,3915,3975,6375,3152,4154,3354,947,3842,4206,1862,1573,3201,3333,3721,2444,3128,3104,2475,2430,2336,1903,2621,2787,3664,3603,4552,2778,3885,3966,3565,2488,2491,2832,2631,3004,2533,2247,2076,1815,2033,2243,1870,3478,3647,3706,3459,3388,3313,3044,3528,6385,6463,9281,5776,6545,5500,4551,4998,5529,5251,5160,5658,5250,5956,6817,6898,8528,7190,6614,9197,8898,9937,11556,10576,12308,10757,11239,10629,10130,10747,10659,7354,5615,6003,5545,6631,6615,7001,7322,7884,6837,7840,7577,7787,5195,4832,4841,18178,4093,6759,19181,8213,9076,12589,14445,17812,16205,16972,5855,2612,2174,2612,2491,2621,4154,6631,5405,7577,3603,3966,3603,5500,5728,11533,9937,7190,11465,10659,11537,11537,11537,11839,12589,12589,12589,3842,3128,1862,3333,-10000,-10000,1984,3915,3915,3966,3603,3603,7789,7190,2621,4154,2621,2621,2456,2614,2621,6156,5250,5500,7024,6312,-10000,1984,4435,5114
44,6051,5888,6037,6503,9591,8666,7261,10212,8248,8706,8999,9483,5401,8268,8683,6232,6436,6861,7531,8025,7029,8216,8016,8067,7691,1640,1585,2990,3554,3782,3593,561,0,504,3015,3267,3045,2890,2378,2784,3373,2894,5963,5348,5783,8526,4800,6010,4793,4069,4123,6179,2741,3914,2992,1095,4390,4725,2111,1712,3761,3842,4277,3004,3681,3664,2477,2363,2207,1866,2608,2760,3772,3804,4527,2859,4006,4090,3590,2302,2250,2480,2478,2764,2354,2101,1712,1454,1713,1864,1630,3240,3315,3366,3159,3128,3203,2982,3359,6523,6849,9446,5761,6458,5796,4549,4979,5680,5288,5289,5815,5438,6108,6800,6777,8498,7163,6557,9173,8849,9666,11179,10260,12160,10443,11222,10577,10128,10738,10566,7904,6110,6453,6032,7093,7146,7529,7787,8436,7347,8378,8124,8329,5752,5381,5390,17619,4649,7318,19561,8688,9520,12698,14439,18046,15992,16586,5401,2315,1846,2315,2250,2537,3914,7093,5783,8124,3804,4090,3804,5796,6039,11313,9666,7163,11441,10566,11603,11603,11603,11907,12698,12698,12698,4390,3681,2111,3842,561,561,2378,4069,4069,4090,3804,3804,7791,7163,2537,3914,2537,2537,2428,2584,2537,5749,5438,5796,7261,6789,561,2378,4800,5561
